E02cHanoiTowers output
====================

Text capture of output:

....
$ java E02cHanoiTowers
hanoiNumber(1) = 1.0	2^N-1 = 1.0
hanoiNumber(2) = 3.0	2^N-1 = 3.0
hanoiNumber(3) = 7.0	2^N-1 = 7.0
hanoiNumber(4) = 15.0	2^N-1 = 15.0
hanoiNumber(5) = 31.0	2^N-1 = 31.0
hanoiNumber(6) = 63.0	2^N-1 = 63.0
hanoiNumber(7) = 127.0	2^N-1 = 127.0
hanoiNumber(8) = 255.0	2^N-1 = 255.0
hanoiNumber(9) = 511.0	2^N-1 = 511.0
hanoiNumber(10) = 1023.0	2^N-1 = 1023.0
hanoiNumber(11) = 2047.0	2^N-1 = 2047.0
hanoiNumber(12) = 4095.0	2^N-1 = 4095.0
hanoiNumber(13) = 8191.0	2^N-1 = 8191.0
hanoiNumber(14) = 16383.0	2^N-1 = 16383.0
hanoiNumber(15) = 32767.0	2^N-1 = 32767.0
hanoiNumber(16) = 65535.0	2^N-1 = 65535.0
hanoiNumber(17) = 131071.0	2^N-1 = 131071.0
hanoiNumber(18) = 262143.0	2^N-1 = 262143.0
hanoiNumber(19) = 524287.0	2^N-1 = 524287.0
hanoiNumber(20) = 1048575.0	2^N-1 = 1048575.0
hanoiNumber(21) = 2097151.0	2^N-1 = 2097151.0
hanoiNumber(22) = 4194303.0	2^N-1 = 4194303.0
hanoiNumber(23) = 8388607.0	2^N-1 = 8388607.0
hanoiNumber(24) = 1.6777215E7	2^N-1 = 1.6777215E7
hanoiNumber(25) = 3.3554431E7	2^N-1 = 3.3554431E7
hanoiNumber(26) = 6.7108863E7	2^N-1 = 6.7108863E7
hanoiNumber(27) = 1.34217727E8	2^N-1 = 1.34217727E8
hanoiNumber(28) = 2.68435455E8	2^N-1 = 2.68435455E8
hanoiNumber(29) = 5.36870911E8	2^N-1 = 5.36870911E8
hanoiNumber(30) = 1.073741823E9	2^N-1 = 1.073741823E9
hanoiNumber(31) = 2.147483647E9	2^N-1 = 2.147483647E9
hanoiNumber(32) = 4.294967295E9	2^N-1 = 4.294967295E9
hanoiNumber(33) = 8.589934591E9	2^N-1 = 8.589934591E9
hanoiNumber(34) = 1.7179869183E10	2^N-1 = 1.7179869183E10
hanoiNumber(35) = 3.4359738367E10	2^N-1 = 3.4359738367E10
hanoiNumber(36) = 6.8719476735E10	2^N-1 = 6.8719476735E10
hanoiNumber(37) = 1.37438953471E11	2^N-1 = 1.37438953471E11
hanoiNumber(38) = 2.74877906943E11	2^N-1 = 2.74877906943E11
hanoiNumber(39) = 5.49755813887E11	2^N-1 = 5.49755813887E11
hanoiNumber(40) = 1.099511627775E12	2^N-1 = 1.099511627775E12
hanoiNumber(41) = 2.199023255551E12	2^N-1 = 2.199023255551E12
hanoiNumber(42) = 4.398046511103E12	2^N-1 = 4.398046511103E12
hanoiNumber(43) = 8.796093022207E12	2^N-1 = 8.796093022207E12
hanoiNumber(44) = 1.7592186044415E13	2^N-1 = 1.7592186044415E13
hanoiNumber(45) = 3.5184372088831E13	2^N-1 = 3.5184372088831E13
hanoiNumber(46) = 7.0368744177663E13	2^N-1 = 7.0368744177663E13
hanoiNumber(47) = 1.40737488355327E14	2^N-1 = 1.40737488355327E14
hanoiNumber(48) = 2.81474976710655E14	2^N-1 = 2.81474976710655E14
hanoiNumber(49) = 5.62949953421311E14	2^N-1 = 5.62949953421311E14
hanoiNumber(50) = 1.125899906842623E15	2^N-1 = 1.125899906842623E15
hanoiNumber(51) = 2.251799813685247E15	2^N-1 = 2.251799813685247E15
hanoiNumber(52) = 4.503599627370495E15	2^N-1 = 4.503599627370495E15
hanoiNumber(53) = 9.007199254740991E15	2^N-1 = 9.007199254740991E15
hanoiNumber(54) = 1.8014398509481984E16	2^N-1 = 1.8014398509481984E16
hanoiNumber(55) = 3.6028797018963968E16	2^N-1 = 3.6028797018963968E16
hanoiNumber(56) = 7.2057594037927936E16	2^N-1 = 7.2057594037927936E16
hanoiNumber(57) = 1.44115188075855872E17	2^N-1 = 1.44115188075855872E17
hanoiNumber(58) = 2.8823037615171174E17	2^N-1 = 2.8823037615171174E17
hanoiNumber(59) = 5.7646075230342349E17	2^N-1 = 5.7646075230342349E17
hanoiNumber(60) = 1.15292150460684698E18	2^N-1 = 1.15292150460684698E18
hanoiNumber(61) = 2.305843009213694E18	2^N-1 = 2.305843009213694E18
hanoiNumber(62) = 4.6116860184273879E18	2^N-1 = 4.6116860184273879E18
hanoiNumber(63) = 9.223372036854776E18	2^N-1 = 9.223372036854776E18
hanoiNumber(64) = 1.8446744073709552E19	2^N-1 = 1.8446744073709552E19
....
